 FE 53 4D 42 40 00 00 00 00 00 00 00 00 00 01 00
 01 00 00 00 00 00 00 00 00 00 00 00 00 00 00 00
 FF FE 00 00 00 00 00 00 00 00 00 00 00 00 00 00
 00 00 00 00 00 00 00 00 00 00 00 00 00 00 00 00
 41 00 00 00 06 00 00 00 B9 FB 9B 60 AD 9C DD 40
 A5 47 B1 34 A4 6C 8D 9D 0D 00 00 00 00 00 01 00
 00 00 01 00 00 00 01 00 04 B5 EC 87 FE E3 C5 01
 72 A2 34 21 D6 E3 C5 01 80 00 40 00 00 00 00 00
 60 3E 06 06 2B 06 01 05 05 02 A0 34 30 32 A0 30
 30 2E 06 09 2A 86 48 82 F7 12 01 02 02 06 09 2A
 86 48 86 F7 12 01 02 02 06 0A 2A 86 48 86 F7 12
 01 02 02 03 06 0A 2B 06 01 04 01 82 37 02 02 0A
